
0.616071428571, 0.660714285714, 
0.758928571429, 0.696428571429, 
0.732142857143, 0.660714285714, 
0.75, 0.741071428571, 
0.660714285714, 0.723214285714, 
0.705357142857, 0.75, 
0.732142857143, 0.714285714286, 
0.705357142857, 0.705357142857, 
0.741071428571, 0.705357142857, 
0.678571428571, 0.705357142857, 
0.651785714286, 0.723214285714, 
0.732142857143, 0.696428571429, 
0.741071428571, 0.633928571429, 
0.696428571429, 0.544642857143, 
0.714285714286, 0.714285714286, 
0.785714285714, 0.705357142857, 
0.642857142857, 0.616071428571, 
0.678571428571, 0.714285714286, 
0.741071428571, 0.678571428571, 
0.669642857143, 0.714285714286, 
0.642857142857, 0.758928571429, 
0.714285714286, 0.696428571429, 
0.678571428571, 0.633928571429, 
0.6875, 0.714285714286, 0.633928571429, 0.6875, 0.723214285714, 
0.723214285714, 
0.75, 
0.669642857143, 
0.6875, 
0.651785714286, 
0.741071428571, 
0.696428571429, 
0.607142857143, 
0.714285714286, 
0.714285714286, 
0.723214285714, 0.767857142857, 0.598214285714, 0.714285714286, 0.633928571429, 0.714285714286, 0.714285714286, 0.696428571429, 0.714285714286, 0.714285714286, 
0.696428571429, 0.714285714286, 
0.696428571429, 0.6875, 
0.6875, 0.767857142857, 
0.732142857143, 0.714285714286, 
0.705357142857, 0.696428571429, 
0.678571428571, 0.723214285714, 
